BC: 0
Solution: 1
Diffusion: 2
Mesh: hexa1_3.typ2
EdgeDegree: 1
CellDegree: 1
AssemblyTime: 0.3
Solving time: 0.09
L2error: 1.42466e-05
H1error: 0.000685834
EnergyError: 0.000734758
MeshSize: 0.0657364
NbCells: 1681
NbEdges: 5200
NbEdgeDOFs: 10400
