BC: 0
Solution: 1
Diffusion: 2
Mesh: hexa1_1.typ2
EdgeDegree: 1
CellDegree: 1
AssemblyTime: 0.04
Solving time: 0
L2error: 0.00084821
H1error: 0.00941881
EnergyError: 0.00958196
MeshSize: 0.241412
NbCells: 121
NbEdges: 400
NbEdgeDOFs: 800
