BC: 0
Solution: 1
Diffusion: 1
Mesh: hexa1_1.typ2
EdgeDegree: 2
CellDegree: 1
AssemblyTime: 0.04
Solving time: 0.01
L2error: 0.000281718
H1error: 0.000981173
EnergyError: 0.00119594
MeshSize: 0.241412
NbCells: 121
NbEdges: 400
NbEdgeDOFs: 1200
