BC: 0
Solution: 1
Diffusion: 1
Mesh: hexa1_4.typ2
EdgeDegree: 2
CellDegree: 1
AssemblyTime: 1.59
Solving time: 2.79
L2error: 1.13626e-07
H1error: 2.69235e-06
EnergyError: 3.33195e-06
MeshSize: 0.0329799
NbCells: 6561
NbEdges: 20000
NbEdgeDOFs: 60000
