BC: 0
Solution: 1
Diffusion: 1
Mesh: hexa1_3.typ2
EdgeDegree: 2
CellDegree: 1
AssemblyTime: 0.41
Solving time: 0.28
L2error: 1.74849e-06
H1error: 2.08619e-05
EnergyError: 2.5842e-05
MeshSize: 0.0657364
NbCells: 1681
NbEdges: 5200
NbEdgeDOFs: 15600
